ms:1:
11 66 89 98
66 81 98 19
88 99 16 61
99 18 61 86

ms:2:
11 69 86 98
69 88 91 16
88 96 19 61
96 11 68 89

ms:3:
11 68 96 89
86 19 68 91
68 91 89 16
99 86 11 68

ms:4:
68 11 89 96
86 99 11 68
99 86 68 11
11 68 96 89

ms:5:
68 89 11 96
19 61 96 88
91 16 88 69
86 98 69 11

ms:6:
11 66 88 99
66 89 91 18
98 11 69 86
89 98 16 61

ms:7:
89 66 91 18
91 89 18 66
68 11 86 99
16 98 69 81

ms:8:
96 89 61 18
69 98 16 81
18 61 89 96
81 16 98 69

ms:9:
69 98 16 81
96 89 61 18
81 16 98 69
18 61 89 96

ms:10:
61 16 98 89
18 91 89 66
86 69 11 98
99 88 66 11

ms:11:
81 68 96 19
68 91 19 86
96 19 81 68
19 86 68 91

ms:12:
68 11 96 89
91 86 19 68
86 99 68 11
19 68 81 96

ms:13:
98 19 81 66
66 81 19 98
11 96 68 89
89 68 96 11

ms:14:
69 81 98 16
86 18 69 91
98 66 11 89
11 99 86 68

ms:15:
86 69 18 91
69 98 81 16
98 11 66 89
11 86 99 68

ms:16:
19 98 86 61
88 61 19 96
96 19 61 88
61 86 98 19

ms:17:
91 68 86 19
68 89 11 96
19 96 68 81
86 11 99 68

ms:18:
86 99 68 11
91 88 19 66
19 66 81 98
68 11 96 89

ms:19:
66 19 98 81
89 98 11 66
98 61 86 19
11 86 69 98

ms:20:
19 88 61 96
81 99 16 68
66 11 98 89
98 66 89 11
